10000111
10001101
10000000
10010001
00000100
10100010
10000111
11001110
10000000
11010101
00000011
11100100
10000111
11111111
00100011
00001000
00000000
00010001
00000010
10100010
00000110
00110000
00000010
10100010
00000010
10100010
00000010
10100010
00000000
00100110
01000001
00001000
00010010
00001000
00010010
10111111
00000000
01111111
00000000
01101111
00000100
00110000
10000111
01000011
10000111
01010011
10000111
10001101
10000000
10010001
00000100
10100010
10000111
11001110
10000000
11010101
00000011
11100100
10000111
11111111
00100011
00001000
00000000
00010001
00000010
10100010
00000110
00110000
00000010
10100010
00000010
10100010
00000010
10100010
00000000
00100110
01000001
00001000
00010010
00001000
00010010
10111111
00000000
01111111
00000000
01101111
10000111
01000011
10000111
01010011